33 4
111111100010111100011111001111111
100000101010011111100010001000001
101110100000110100110101101011101
101110101110101101100010001011101
101110100100000111111001001011101
100000101101100001000100001000001
111111101010101010101010101111111
000000000111001010011110100000000
111110111101000011010011110101010
001100001010111100010111001000111
100011100010011110101010011001010
010010001000110100001100001000100
010110101110101101010010110111000
100010001000000110011101011000011
010010100011100000001100110000010
001001011111001010011111000010100
011001110011000001010010010110010
110010011000111100111001001001011
011111110000011110001110011001010
101111011010110010010111011100100
100111101010101001000011110110010
100001010110000000011101011001011
101100110101100111100110000011010
100101001111001110111110011101100
101011110111000101010011111110001
000000001110111011110110100011001
111111101000011110001001101010110
100000100100110000000101100011111
101110101010101111000010111110010
101110101000000010111001100110111
101110101001100110001100001001100
100000101011001000010110011111100
111111101001000111000011101010010