41 4
11111110011011101010101011101011101111111
10000010011111010000111101110010001000001
10111010110111100010011001000001101011101
10111010100011000101001100110011101011101
10111010111011100101001011001101101011101
10000010011010011111111001010000101000001
11111110101010101010101010101010101111111
00000000011110011111101001101011100000000
11100111100000000101010001010101000011100
01010101101100110001011001101011111110110
00001110010111001100010010111100110000010
01011001011011100111101100010011100011001
10101010101111101110101100111101010001101
01100100011000111100101111010010100011111
00111010000110001100010001111111010100100
00111001000110010011111010110001101011011
01011011010010100101010010010101010101100
10111001110001101100000011101111001110011
01001010000110111111111101010100101011000
01101001100100110011111010101110011011000
11010111010001011111100111101000000010100
01110101000111111010000110101011111101111
10100010100010111000110001111010111000100
11001101101110100111001101000000100101100
01110110001111111100000110010101000100001
01111000101010110111101001101011011111011
00101111001010011001111100011000101110010
11011000011011101100111111100001111111011
10001011111010100001000001110101101101110
10100101110101010101000001011110010111001
10010010110100011100000110000100111100000
10101000001010010010100010101000011101000
10101110000001100000001101000100111110111
00000000110100000000010100100010100011111
11111110100011100010010000011011101011000
10000010110101110001001011111001100011000
10111010000010110101001111001010111110101
10111010001111110101010010001101110100011
10111010100001010001100110011100011111010
10000010110001110100110010010010111010010
11111110100110011110001001100101000111000